20
0
10 2 1947.122366 3 1784.424604 9 1281.188410 10 1032.128074 8 1011.188076 12 983.282117 11 905.449297 4 765.529253 1 645.388541 7 588.369200 
1
10 3 2325.273105 9 1731.514641 8 1519.396118 12 1374.598357 10 1247.211366 11 1236.848147 4 1118.969987 2 1040.956786 7 912.781112 13 705.647135 
2
10 0 1947.122366 9 1879.204844 8 1820.333027 3 1801.668983 4 1641.857635 12 1455.226612 7 1426.274666 11 1218.458225 13 1187.979930 10 1122.400827 
3
10 9 2558.225265 8 2457.038951 1 2325.273105 7 2307.568666 12 2075.091307 2 1801.668983 0 1784.424604 4 1701.051927 13 1694.761594 6 1653.681347 
4
10 8 2049.308044 7 1936.122669 6 1920.862419 5 1888.661594 9 1809.988600 3 1701.051927 2 1641.857635 14 1547.103180 13 1478.680211 12 1370.868189 
5
10 7 2171.176956 8 1979.242175 4 1888.661594 14 1887.203940 13 1626.161768 3 1393.124074 17 1276.486919 9 1271.511028 15 1219.709844 12 1135.075133 
6
10 8 2319.674814 4 1920.862419 13 1845.860316 14 1816.785871 9 1807.313976 7 1752.704406 17 1656.763323 3 1653.681347 12 1517.823909 18 1469.941611 
7
10 9 2691.336924 3 2307.568666 14 2196.024944 5 2171.176956 12 2137.256336 17 1987.236376 8 1958.898929 4 1936.122669 18 1875.290887 13 1800.447526 
8
10 3 2457.038951 14 2414.033692 6 2319.674814 12 2185.400789 13 2149.354419 4 2049.308044 5 1979.242175 7 1958.898929 2 1820.333027 11 1789.684707 
9
10 7 2691.336924 3 2558.225265 12 2157.843144 13 2082.784844 14 1903.033151 2 1879.204844 4 1809.988600 6 1807.313976 1 1731.514641 19 1703.204314 
10
10 12 1703.753512 9 1583.487054 8 1520.483363 1 1247.211366 3 1236.815894 19 1201.215439 2 1122.400827 13 1097.365703 0 1032.128074 7 980.618251 
11
10 8 1789.684707 9 1687.848554 13 1506.889771 19 1498.393295 3 1450.269392 7 1431.091383 18 1292.508047 14 1259.086845 1 1236.848147 2 1218.458225 
12
10 8 2185.400789 9 2157.843144 7 2137.256336 3 2075.091307 14 2035.731831 13 1813.210931 10 1703.753512 18 1670.963511 19 1664.582801 17 1566.864433 
13
10 8 2149.354419 9 2082.784844 6 1845.860316 12 1813.210931 7 1800.447526 17 1755.942865 3 1694.761594 19 1639.699589 5 1626.161768 16 1560.081551 
14
10 8 2414.033692 7 2196.024944 12 2035.731831 15 1966.486054 9 1903.033151 5 1887.203940 6 1816.785871 16 1784.644360 17 1760.086520 18 1744.508228 
15
10 14 1966.486054 17 1901.682831 13 1536.244925 18 1393.045974 6 1292.447036 7 1290.301500 5 1219.709844 19 944.672261 8 909.884910 12 861.151502 
16
10 18 1976.634015 14 1784.644360 13 1560.081551 7 1538.040360 6 1398.352928 19 1397.733159 5 1126.173116 17 1077.118307 8 1061.636441 12 1050.690114 
17
10 7 1987.236376 15 1901.682831 14 1760.086520 13 1755.942865 19 1726.117511 6 1656.763323 8 1625.994041 12 1566.864433 18 1347.282018 5 1276.486919 
18
10 16 1976.634015 7 1875.290887 14 1744.508228 8 1699.540083 12 1670.963511 9 1508.730142 6 1469.941611 15 1393.045974 17 1347.282018 13 1303.939368 
19
10 8 1727.298074 17 1726.117511 9 1703.204314 14 1668.774040 12 1664.582801 7 1650.944184 13 1639.699589 11 1498.393295 16 1397.733159 10 1201.215439 
