50
0
10 1 991.441445 45 887.985378 46 746.841951 12 705.391881 2 504.792835 11 429.846605 10 72.238702 47 40.123536 3 37.817766 13 16.416001 
1
10 2 2762.205431 46 1477.319513 0 991.441445 11 691.623523 45 623.338395 3 530.269576 12 304.969433 10 289.463940 47 204.743889 4 107.710739 
2
10 1 2762.205431 3 2104.017978 46 1976.968318 47 971.702022 10 757.773319 11 736.475989 4 715.254604 0 504.792835 9 372.467193 45 260.849442 
3
10 2 2104.017978 4 2073.184942 47 1874.820432 46 1017.823825 9 790.587194 10 649.222842 5 610.735182 48 556.335181 1 530.269576 8 374.511969 
4
10 5 3670.166493 48 2225.737042 3 2073.184942 47 1988.543328 9 1637.339705 6 1592.739893 8 1561.600229 7 1021.853632 49 919.947674 2 715.254604 
5
10 6 5315.607488 4 3670.166493 7 2931.155133 48 2771.240214 8 2174.809497 49 2011.091636 47 1476.767794 9 968.299800 3 610.735182 18 602.591192 
6
10 7 6271.618643 5 5315.607488 48 2652.341572 49 2493.955997 8 2307.388247 19 2080.173887 18 2065.297044 4 1592.739893 47 439.954169 9 399.174520 
7
10 6 6271.618643 18 4813.108613 19 4599.518204 5 2931.155133 8 2588.490148 49 1630.543996 48 1553.826075 4 1021.853632 17 883.311861 21 623.037637 
8
10 9 2885.043289 7 2588.490148 6 2307.388247 5 2174.809497 18 1922.680128 16 1863.728948 17 1783.548952 21 1690.470264 4 1561.600229 19 1027.898141 
9
10 16 3467.061013 8 2885.043289 10 1810.395621 4 1637.339705 22 1416.076716 17 1152.657995 5 968.299800 47 804.905169 3 790.587194 21 662.387495 
10
10 9 1810.395621 11 1333.570921 16 1036.793369 15 837.099365 2 757.773319 14 738.755092 3 649.222842 22 474.621832 23 451.846161 46 390.789880 
11
10 10 1333.570921 12 875.223871 2 736.475989 1 691.623523 13 582.705921 0 429.846605 46 378.697929 14 333.425307 3 230.708907 24 222.511270 
12
10 11 875.223871 0 705.391881 1 304.969433 13 203.906906 46 181.912130 45 165.888719 2 151.039866 25 149.932885 10 99.574815 24 58.067814 
13
10 14 937.165583 11 582.705921 10 341.926174 24 329.329374 15 234.590802 12 203.906906 25 134.423104 2 94.485983 23 80.344470 1 79.683608 
14
10 15 2086.024715 13 937.165583 10 738.755092 24 501.470255 23 364.315021 11 333.425307 2 206.285913 9 178.171126 16 129.708958 22 126.967348 
15
10 14 2086.024715 10 837.099365 23 669.909806 16 536.064453 9 438.014787 22 435.094406 29 259.225334 13 234.590802 24 204.898211 17 191.338307 
16
10 9 3467.061013 22 2360.947897 8 1863.728948 17 1355.701279 21 1084.179983 10 1036.793369 23 629.317045 15 536.064453 4 463.186854 29 323.235648 
17
10 21 2397.042729 18 1885.542154 8 1783.548952 16 1355.701279 30 1244.317887 9 1152.657995 22 1053.399104 7 883.311861 19 760.130201 31 645.298900 
18
10 19 6505.204373 7 4813.108613 21 2684.100694 6 2065.297044 8 1922.680128 17 1885.542154 32 1601.760538 31 1435.277783 20 1244.786989 5 602.591192 
19
10 18 6505.204373 7 4599.518204 6 2080.173887 21 1412.887045 32 1390.893495 20 1110.502799 8 1027.898141 31 875.836817 17 760.130201 5 390.232926 
20
10 18 1244.786989 19 1110.502799 21 749.322728 32 652.062698 31 500.943368 7 320.125230 17 142.326881 30 134.934602 6 127.976848 8 82.380771 
21
10 18 2684.100694 17 2397.042729 8 1690.470264 19 1412.887045 30 1379.128741 22 1329.590728 31 1159.833574 16 1084.179983 32 800.987203 20 749.322728 
22
10 16 2360.947897 9 1416.076716 21 1329.590728 23 1076.919517 17 1053.399104 29 880.084362 8 613.353029 10 474.621832 15 435.094406 30 370.362766 
23
10 22 1076.919517 15 669.909806 16 629.317045 24 517.125133 10 451.846161 14 364.315021 28 326.479300 36 322.554425 9 310.266922 29 277.926705 
24
10 23 517.125133 14 501.470255 25 377.268790 37 351.149483 13 329.329374 11 222.511270 15 204.898211 10 174.732549 26 157.498227 38 140.618475 
25
10 39 514.246549 24 377.268790 38 194.524141 26 182.386983 12 149.932885 13 134.423104 11 33.691591 14 30.308577 37 16.983436 27 12.247284 
26
10 25 182.386983 37 164.960675 24 157.498227 39 146.107500 27 145.031294 38 99.187709 13 4.251572 23 2.151836 12 0.728232 14 0.391500 
27
10 37 606.560324 28 145.728566 26 145.031294 36 135.132821 24 111.698364 38 97.135654 23 69.455712 40 26.562901 25 12.247284 15 12.085732 
28
10 36 580.833876 29 355.454930 23 326.479300 22 216.164193 27 145.728566 37 88.302702 35 83.105499 15 35.045829 16 27.683690 24 19.393636 
29
10 30 947.312062 22 880.084362 17 613.008818 21 417.772306 28 355.454930 16 323.235648 23 277.926705 15 259.225334 36 207.992915 35 183.723188 
30
10 31 1653.117114 21 1379.128741 17 1244.317887 29 947.312062 32 759.261021 18 540.902169 22 370.362766 43 310.071107 34 301.338662 35 201.998784 
31
10 32 3798.695528 30 1653.117114 18 1435.277783 21 1159.833574 19 875.836817 43 858.348104 44 799.376176 17 645.298900 20 500.943368 33 248.204090 
32
10 31 3798.695528 18 1601.760538 19 1390.893495 44 1253.354798 43 836.911375 21 800.987203 30 759.261021 20 652.062698 33 328.938371 17 314.598285 
33
10 44 375.173298 43 363.082100 32 328.938371 31 248.204090 34 179.322484 21 97.037033 30 87.756825 20 81.409255 42 36.446934 18 23.292986 
34
10 42 309.937815 30 301.338662 35 269.479724 33 179.322484 21 146.913391 31 142.038701 43 79.010585 22 73.064856 32 59.456438 29 44.213950 
35
10 34 269.479724 36 215.095336 30 201.998784 29 183.723188 42 124.715889 22 86.671074 28 83.105499 21 39.564219 41 29.062486 23 24.111734 
36
10 28 580.833876 37 335.738648 23 322.554425 35 215.095336 29 207.992915 40 173.056544 27 135.132821 22 99.424801 41 18.676517 24 12.610196 
37
10 27 606.560324 24 351.149483 36 335.738648 38 225.126781 40 207.743615 23 195.067310 26 164.960675 28 88.302702 25 16.983436 14 9.523751 
38
10 37 225.126781 25 194.524141 39 141.643491 24 140.618475 26 99.187709 27 97.135654 13 6.609445 40 1.994106 14 1.971442 23 1.117486 
39
10 25 514.246549 26 146.107500 38 141.643491 24 13.246418 12 7.763179 13 2.455136 37 1.215947 27 0.446400 14 0.423746 11 0.348752 
40
10 37 207.743615 36 173.056544 27 26.562901 28 13.884115 41 4.358864 35 4.078220 23 2.604967 38 1.994106 29 1.713377 24 0.815283 
41
10 35 29.062486 29 28.189389 36 18.676517 42 11.055242 28 9.220304 30 4.392202 40 4.358864 34 3.381380 22 2.302042 23 0.883388 
42
10 34 309.937815 43 180.745229 30 162.404093 35 124.715889 29 83.191942 31 81.592808 44 39.058033 32 36.921701 33 36.446934 21 30.494750 
43
10 44 1616.958252 31 858.348104 32 836.911375 33 363.082100 30 310.071107 42 180.745229 21 81.053377 34 79.010585 20 46.928663 29 36.997004 
44
10 43 1616.958252 32 1253.354798 31 799.376176 33 375.173298 30 97.319036 20 48.927400 21 46.484019 18 39.622858 42 39.058033 19 38.465041 
45
10 0 887.985378 46 739.953600 1 623.338395 2 260.849442 12 165.888719 11 76.867570 47 49.955557 10 17.912196 3 17.279273 48 1.216295 
46
10 2 1976.968318 1 1477.319513 47 1330.431552 3 1017.823825 0 746.841951 45 739.953600 10 390.789880 11 378.697929 4 304.981310 12 181.912130 
47
10 48 2711.567049 4 1988.543328 3 1874.820432 5 1476.767794 46 1330.431552 2 971.702022 49 903.196763 9 804.905169 8 602.628377 6 439.954169 
48
10 49 3836.380289 5 2771.240214 47 2711.567049 6 2652.341572 4 2225.737042 7 1553.826075 8 986.939762 3 556.335181 9 461.866697 18 245.856122 
49
10 48 3836.380289 6 2493.955997 5 2011.091636 7 1630.543996 4 919.947674 47 903.196763 8 405.902257 19 285.086983 18 272.802085 3 127.221463 
